000000001
000000003
000000004
000000005
000000006
000000007
000000010
000000011
000000012
000000013
000000014
000000015
000000016
000000018
000000019
000000020
000000021
000000022
000000023
000000024
000000025
000000026
000000027
000000028
000000029
000000030
000000031
000000032
000000034
000000035
000000036
000000037
000000038
000000039
000000041
000000042
000000043
000000044
000000045
000000046
000000047
000000048
000000049
000000050
000000051
000000052
000000056
000000062
000000063
000000064
000000065
000000068
000000069
000000070
000000074
000000075
000000076
000000077
000000079
000000080
000000082
000000084
000000085
000000086
000000087
000000092
000000093
000000095
000000098
000000099
000000100
000000101
000000102
000000103
000000104
000000105
000000109
000000110
000000111
000000113
000000114
000000116
000000117
000000119
000000120
000000123
000000124
000000126
000000127
000000128
000000129
000000131
000000132
000000134
000000135
000000136
000000137
000000138
000000139
000000140
000000143
000000144
000000147
000000148
000000149
000000150
000000152
000000153
000000154
000000158
000000159
000000160
000000161
000000163
000000166
000000167
000000170
000000171
000000173
000000174
000000175
000000176
000000177
000000178
000000179
000000180
000000181
000000182
000000183
000000185
000000186
000000188
000000190
000000192
000000194
000000195
000000196
000000197
000000198
000000199
000000200
000000202
000000203
000000204
000000205
000000206
000000207
000000209
000000210
000000211
000000212
000000214
000000215
000000216
000000218
000000222
000000223
000000226
000000227
000000229
000000230
000000231
000000232
000000233
000000234
000000236
000000237
000000238
000000239
000000240
000000242
000000243
000000244
000000245
000000246
000000247
000000248
000000249
000000250
000000251
000000252
000000253
000000254
000000255
000000256
000000258
000000259
000000261
000000262
000000263
000000264
000000265
000000267
000000268
000000270
000000272
000000275
000000276
000000277
000000279
000000280
000000281
000000282
000000284
000000286
000000287
000000289
000000291
000000292
000000293
000000294
000000295
000000296
000000297
000000298
000000299
000000301
000000302
000000307
000000309
000000312
000000313
000000314
000000315
000000316
000000318
000000321
000000322
000000323
000000325
000000326
000000327
000000328
000000329
000000330
000000334
000000335
000000336
000000337
000000338
000000339
000000340
000000341
000000342
000000343
000000344
000000345
000000346
000000347
000000349
000000350
000000352
000000353
000000355
000000356
000000360
000000361
000000363
000000364
000000365
000000366
000000369
000000370
000000371
000000374
000000375
000000376
000000377
000000378
000000379
000000383
000000384
000000385
000000386
000000387
000000388
000000389
000000391
000000392
000000393
000000395
000000397
000000398
000000402
000000403
000000404
000000406
000000407
000000408
000000410
000000411
000000412
000000413
000000418
000000419
000000420
000000421
000000426
000000428
000000429
000000430
000000431
000000432
000000433
000000436
000000437
000000438
000000439
000000440
000000441
000000443
000000444
000000445
000000447
000000448
000000449
000000450
000000452
000000453
000000454
000000455
000000456
000000458
000000460
000000461
000000464
000000465
000000466
000000467
000000471
000000472
000000474
000000477
000000478
000000479
000000480
000000481
000000482
000000483
000000485
000000486
000000489
000000490
000000491
000000493
000000496
000000497
000000500
000000501
000000502
000000503
000000506
000000507
000000509
000000510
000000511
000000512
000000515
000000517
000000518
000000520
000000521
000000524
000000527
000000528
000000529
000000530
000000532
000000533
000000534
000000535
000000537
000000538
000000539
000000541
000000542
000000543
000000544
000000545
000000546
000000548
000000553
000000555
000000556
000000559
000000561
000000562
000000563
000000564
000000565
000000566
000000567
000000568
000000569
000000570
000000571
000000572
000000573
000000574
000000575
000000576
000000577
000000578
000000579
000000580
000000581
000000582
000000585
000000589
000000590
000000591
000000593
000000595
000000596
000000598
000000599
000000600
000000601
000000602
000000603
000000604
000000606
000000607
000000608
000000609
000000610
000000611
000000613
000000615
000000617
000000618
000000621
000000624
000000625
000000626
000000627
000000629
000000632
000000633
000000634
000000636
000000637
000000638
000000639
000000640
000000641
000000642
000000643
000000644
000000645
000000646
000000648
000000649
000000650
000000651
000000652
000000653
000000654
000000655
000000657
000000658
000000661
000000662
000000663
000000664
000000665
000000666
000000667
000000668
000000669
000000673
000000674
000000675
000000677
000000678
000000679
000000680
000000682
000000683
000000684
000000685
000000686
000000687
000000688
000000692
000000693
000000694
000000695
000000696
000000697
000000698
000000699
000000700
000000701
000000702
000000703
000000704
000000706
000000710
000000713
000000715
000000716
000000717
000000719
000000720
000000727
000000729
000000731
000000732
000000734
000000735
000000736
000000737
000000738
000000741
000000742
000000743
000000744
000000745
000000746
000000747
000000748
000000749
000000753
000000754
000000755
000000756
000000757
000000758
000000760
000000761
000000765
000000766
000000767
000000768
000000769
000000770
000000771
000000773
000000775
000000776
000000780
000000781
000000784
000000785
000000788
000000789
000000791
000000792
000000793
000000794
000000796
000000798
000000799
000000800
000000802
000000803
000000805
000000807
000000808
000000809
000000810
000000811
000000812
000000813
000000815
000000817
000000818
000000820
000000821
000000826
000000828
000000829
000000830
000000832
000000834
000000835
000000836
000000837
000000838
000000839
000000840
000000841
000000842
000000843
000000844
000000846
000000847
000000849
000000850
000000851
000000854
000000855
000000856
000000857
000000858
000000859
000000861
000000864
000000866
000000868
000000869
000000870
000000873
000000874
000000875
000000876
000000877
000000878
000000880
000000881
000000883
000000884
000000885
000000886
000000889
000000890
000000891
000000892
000000893
000000896
000000897
000000899
000000900
000000901
000000902
000000903
000000906
000000907
000000908
000000909
000000910
000000911
000000913
000000915
000000916
000000917
000000918
000000919
000000920
000000921
000000922
000000924
000000926
000000927
000000929
000000931
000000932
000000933
000000934
000000935
000000936
000000937
000000938
000000940
000000943
000000944
000000945
000000946
000000947
000000948
000000949
000000950
000000952
000000953
000000954
000000955
000000956
000000957
000000960
000000962
000000963
000000964
000000965
000000966
000000967
000000969
000000971
000000972
000000973
000000974
000000976
000000977
000000979
000000981
000000983
000000985
000000986
000000987
000000988
000000990
000000992
000000993
000000994
000000995
000000996
000000997
000000998
000000999
000001000
000001002
000001003
000001004
000001007
000001008
000001010
000001013
000001017
000001018
000001019
000001020
000001021
000001023
000001025
000001031
000001032
000001034
000001035
000001036
000001037
000001038
000001040
000001041
000001043
000001049
000001050
000001051
000001053
000001054
000001055
000001056
000001057
000001058
000001059
000001061
000001062
000001063
000001064
000001067
000001069
000001072
000001074
000001075
000001076
000001077
000001078
000001080
000001081
000001082
000001083